-0.000000 0.000000
-0.003567 0.009450
-0.012326 0.016006
0.001573 0.030262
0.025579 0.031276
0.040491 0.030186
0.010079 0.059762
0.060767 0.036151
0.050465 0.063113
0.073369 0.053680
0.024383 0.098023
0.095150 0.057377
0.120595 0.012216
0.128877 0.025176
0.140196 -0.018523
0.129456 0.078727
0.140936 -0.079101
0.153070 -0.077823
0.166606 0.072803
0.171883 -0.085376
0.202017 0.001168
0.119962 -0.174942
0.178383 -0.132523
0.208415 -0.102652
0.108093 -0.216992
0.155193 -0.199209
0.094725 -0.244948
0.071128 -0.263289
0.029267 -0.281310
0.014042 -0.292593
-0.049264 -0.298999
0.279288 -0.141597
0.157105 -0.282484
0.203399 -0.264083
0.173231 -0.296543
-0.234619 -0.264464
-0.203014 -0.301690
-0.104313 -0.358885
-0.251160 -0.290260
-0.031612 -0.392669
-0.273946 -0.296989
-0.324279 -0.257597
-0.291709 -0.308038
-0.230472 -0.368153
-0.372609 -0.242267
-0.149238 0.429348
-0.403562 0.230291
-0.440763 -0.176388
-0.348262 0.337330
-0.478500 0.126541
-0.490052 -0.122170
-0.481919 0.182031
-0.358496 0.383889
-0.447540 0.293788
-0.389600 0.381749
-0.086087 0.548845
-0.564208 0.040463
-0.575748 -0.003307
-0.539773 0.227762
-0.338992 0.490156
-0.342726 0.499848
0.067663 0.612435
0.085154 0.620446
0.440923 0.458853
0.095411 0.639385
0.569411 0.326879
0.189466 0.639177
0.056103 0.674438
0.359859 0.585056
0.533467 0.448531
0.402969 0.581003
0.005652 0.717149
0.362115 0.630713
0.272876 0.685025
0.226397 0.712364
0.566429 -0.503070
0.470509 0.606588
0.776768 -0.039620
0.590169 0.521971
0.760221 -0.242561
0.802713 0.092990
0.637278 -0.513126
0.727058 -0.396786
0.499836 -0.673091
0.305007 -0.791769
0.854167 0.087000
0.490615 -0.716878
0.585445 -0.655379
0.761275 -0.458894
-0.297582 -0.848309
0.244265 -0.875660
-0.445200 -0.804183
0.718732 -0.589075
0.337388 -0.876716
-0.019470 -0.949295
0.114595 -0.952729
-0.772540 -0.586084
-0.648452 -0.734517
-0.464367 -0.874221
-0.797664 -0.603102
0.000000 -0.000000
-0.008763 -0.005023
-0.006295 -0.019196
-0.020350 -0.022454
-0.039985 0.005802
-0.046210 -0.020382
-0.049227 -0.035352
-0.068265 0.018422
-0.078168 0.020489
-0.076355 -0.049339
-0.081767 -0.059306
-0.110823 0.007993
-0.118701 -0.024547
-0.114340 0.064571
-0.129131 0.057647
-0.119738 0.092842
-0.161479 0.006668
-0.029033 0.169245
-0.157644 0.090588
-0.094949 0.166786
-0.041749 0.197659
-0.126901 0.169975
-0.094088 0.201321
-0.178391 0.148831
-0.116304 0.212704
-0.017263 0.251934
-0.109611 0.238659
-0.003035 0.272710
0.075945 0.272441
0.092038 0.278095
0.277389 0.121996
0.026211 0.312032
0.294181 0.133928
0.140872 0.302103
0.312247 0.143000
0.317630 0.155237
0.296339 0.210748
0.306343 0.214088
0.382182 -0.035619
0.308535 0.244937
0.400498 0.053387
0.225834 0.347149
0.420385 0.057078
0.388031 -0.195157
0.382550 -0.226245
0.432429 -0.140059
0.327723 -0.329384
0.467609 0.082017
0.115555 -0.470877
0.254610 -0.424439
0.131467 -0.487640
0.469501 -0.212014
0.316283 -0.419351
0.218882 -0.488563
0.278038 -0.469271
-0.130511 -0.540008
0.320916 -0.465811
-0.188553 -0.544008
-0.466586 -0.354299
-0.169187 -0.571440
-0.490998 -0.355289
0.284130 -0.546741
-0.211051 -0.589629
-0.377144 -0.512563
-0.473580 -0.440043
-0.654075 -0.057137
-0.585398 -0.318988
-0.629656 -0.248087
-0.516422 -0.452876
-0.682411 -0.141712
-0.687740 -0.164204
-0.694266 0.179804
-0.577089 -0.442599
-0.720578 0.156485
-0.577639 0.474396
-0.601070 0.461124
-0.749737 -0.164993
-0.667797 0.398729
-0.134360 0.776338
-0.693580 0.394612
-0.739875 0.324931
-0.265534 0.773895
-0.821659 -0.104544
-0.011243 0.838308
-0.392919 0.752025
0.739788 0.435756
0.170984 0.851693
-0.867995 0.137306
0.462139 0.759310
-0.121566 0.890733
-0.220058 0.882055
0.606047 0.691101
0.139498 0.918763
-0.075583 0.936348
0.246367 0.916975
0.822671 0.494000
0.880369 0.406526
0.471499 0.858890
0.362746 0.921040
0.926749 0.375682
0.000000 0.000000
0.007559 0.006700
0.009838 0.017645
0.014204 0.026768
0.039135 0.010045
0.050320 -0.004319
0.047233 -0.037975
0.045506 -0.054117
0.056595 -0.057679
0.087792 -0.023600
0.098466 -0.022529
0.082954 -0.073921
0.042009 -0.113700
0.129507 -0.021704
0.070963 -0.122320
0.051249 -0.142585
-0.019647 -0.160417
-0.138533 -0.101467
-0.009798 -0.181554
-0.114216 -0.154233
-0.021218 -0.200903
0.070738 -0.199979
0.074106 -0.209502
-0.189487 -0.134421
-0.063183 -0.234046
0.017300 -0.251932
-0.262351 -0.012016
0.109681 -0.249700
-0.174938 -0.222236
-0.071028 -0.284188
-0.236369 0.189624
-0.226140 -0.216592
-0.293050 -0.136386
-0.332722 0.020178
-0.300926 -0.165501
-0.319635 0.151065
-0.350690 0.096166
-0.372175 -0.034134
-0.216566 0.316909
-0.143018 0.367062
-0.376835 0.145752
-0.397760 0.115325
-0.283903 0.315247
-0.181107 0.394784
0.009935 0.444333
-0.386306 0.239540
-0.172274 0.431530
-0.309017 0.360408
-0.346482 0.339159
0.170935 0.464496
0.075395 0.499391
-0.125387 0.499659
0.033566 0.524179
0.153210 0.512962
-0.039461 0.544025
0.340977 0.438608
-0.048068 0.563610
0.200942 0.539555
0.220239 0.542886
0.492696 0.335289
0.605591 0.023854
0.521678 0.327883
0.478664 0.403839
0.623507 0.127269
0.644614 0.048883
0.511495 0.411645
0.559929 0.361835
0.553718 0.389115
0.468276 -0.502500
0.696392 0.028375
0.695826 -0.125598
0.610760 -0.375909
0.261908 -0.678476
0.304891 -0.671388
0.501276 -0.554473
0.708223 -0.268962
0.448225 -0.623235
0.569453 -0.529775
0.756344 -0.220673
0.389174 -0.696646
0.455547 -0.667436
0.567904 -0.588988
0.241768 -0.792213
0.035826 -0.837618
-0.408555 -0.743646
-0.497308 -0.699896
-0.003183 -0.868681
-0.299076 -0.826330
-0.721146 -0.519684
-0.554651 -0.707492
-0.895787 0.154960
-0.914849 0.089243
-0.712319 -0.596814
-0.929805 -0.133876
-0.881847 -0.351974
-0.665779 -0.691059
-0.942783 -0.226877
-0.872008 0.446774
-0.955287 -0.259476
-0.521527 0.853235
